169 0.02  0.0001
0.5 0 0 0 0 0 0 0.515468 0.515917 0.882669 0.1
0.001 0.6 0 0 0 0.912871 0 0 1 0 0.08
0.0002 -0.15 0 0 0 -1.82574 0 1 1 0 0.08
0.0001 0 -0.8 0 0.790569 0 0 0 0 1 0.08
5e-07 0.03 -0.8 0 0.790569 -0.057735 0 0 0 1 0.02
5e-07 -0.03 -0.8 0 0.790569 0.057735 0 0 0 1 0.02
5e-07 1 0 0 0 0.707107 0 1 0 1 0.03
5e-07 0.866025 -0.5 0 0.353553 0.612372 0 1 0 1 0.03
5e-07 0.5 -0.866025 0 0.612372 0.353553 0 1 0 1 0.03
5e-07 6.12303e-17 -1 0 0.707107 4.32964e-17 0 1 0 1 0.03
5e-07 -0.5 -0.866025 0 0.612372 -0.353553 0 1 0 1 0.03
5e-07 -0.866025 -0.5 0 0.353553 -0.612372 0 1 0 1 0.03
5e-07 -1 -1.22461e-16 0 8.65927e-17 -0.707107 0 1 0 1 0.03
5e-07 -0.866025 0.5 0 -0.353553 -0.612372 0 1 0 1 0.03
5e-07 -0.5 0.866025 0 -0.612372 -0.353553 0 1 0 1 0.03
5e-07 -1.83691e-16 1 0 -0.707107 -1.29889e-16 0 1 0 1 0.03
5e-07 0.5 0.866025 0 -0.612372 0.353553 0 1 0 1 0.03
5e-07 0.866025 0.5 0 -0.353553 0.612372 0 1 0 1 0.03
1e-08 1.2 0 0 0 0.645497 0 1 0 1 0.02
1e-08 1.10866 -0.45922 0 0.247021 0.596362 0 1 0 1 0.02
1e-08 0.848528 -0.848528 0 0.456435 0.456435 0 1 0 1 0.02
1e-08 0.45922 -1.10866 0 0.596362 0.247021 0 1 0 1 0.02
1e-08 7.34764e-17 -1.2 0 0.645497 3.9524e-17 0 1 0 1 0.02
1e-08 -0.45922 -1.10866 0 0.596362 -0.247021 0 1 0 1 0.02
1e-08 -0.848528 -0.848528 0 0.456435 -0.456435 0 1 0 1 0.02
1e-08 -1.10866 -0.45922 0 0.247021 -0.596362 0 1 0 1 0.02
1e-08 -1.2 -1.46953e-16 0 7.9048e-17 -0.645497 0 1 0 1 0.02
1e-08 -1.10866 0.45922 0 -0.247021 -0.596362 0 1 0 1 0.02
1e-08 -0.848528 0.848528 0 -0.456435 -0.456435 0 1 0 1 0.02
1e-08 -0.45922 1.10866 0 -0.596362 -0.247021 0 1 0 1 0.02
1e-08 -2.20429e-16 1.2 0 -0.645497 -1.18572e-16 0 1 0 1 0.02
1e-08 0.45922 1.10866 0 -0.596362 0.247021 0 1 0 1 0.02
1e-08 0.848528 0.848528 0 -0.456435 0.456435 0 1 0 1 0.02
1e-08 1.10866 0.45922 0 -0.247021 0.596362 0 1 0 1 0.02
1e-08 1.4 0 0 0 0.597614 0 1 0 1 0.02
1e-08 1.31557 -0.478828 0 0.204396 0.561574 0 1 0 1 0.02
1e-08 1.07246 -0.899903 0 0.384139 0.457799 0 1 0 1 0.02
1e-08 0.7 -1.21244 0 0.517549 0.298807 0 1 0 1 0.02
1e-08 0.243107 -1.37873 0 0.588535 0.103775 0 1 0 1 0.02
1e-08 -0.243107 -1.37873 0 0.588535 -0.103775 0 1 0 1 0.02
1e-08 -0.7 -1.21244 0 0.517549 -0.298807 0 1 0 1 0.02
1e-08 -1.07246 -0.899903 0 0.384139 -0.457799 0 1 0 1 0.02
1e-08 -1.31557 -0.478828 0 0.204396 -0.561574 0 1 0 1 0.02
1e-08 -1.4 -1.71445e-16 0 7.31842e-17 -0.597614 0 1 0 1 0.02
1e-08 -1.31557 0.478828 0 -0.204396 -0.561574 0 1 0 1 0.02
1e-08 -1.07246 0.899903 0 -0.384139 -0.457799 0 1 0 1 0.02
1e-08 -0.7 1.21244 0 -0.517549 -0.298807 0 1 0 1 0.02
1e-08 -0.243107 1.37873 0 -0.588535 -0.103775 0 1 0 1 0.02
1e-08 0.243107 1.37873 0 -0.588535 0.103775 0 1 0 1 0.02
1e-08 0.7 1.21244 0 -0.517549 0.298807 0 1 0 1 0.02
1e-08 1.07246 0.899903 0 -0.384139 0.457799 0 1 0 1 0.02
1e-08 1.31557 0.478828 0 -0.204396 0.561574 0 1 0 1 0.02
1e-08 1.6 0 0 0 0.559017 0 1 0 1 0.02
1e-08 1.52169 -0.494427 0 0.172746 0.531657 0 1 0 1 0.02
1e-08 1.29443 -0.940456 0 0.328582 0.452254 0 1 0 1 0.02
1e-08 0.940456 -1.29443 0 0.452254 0.328582 0 1 0 1 0.02
1e-08 0.494427 -1.52169 0 0.531657 0.172746 0 1 0 1 0.02
1e-08 9.79685e-17 -1.6 0 0.559017 3.42288e-17 0 1 0 1 0.02
1e-08 -0.494427 -1.52169 0 0.531657 -0.172746 0 1 0 1 0.02
1e-08 -0.940456 -1.29443 0 0.452254 -0.328582 0 1 0 1 0.02
1e-08 -1.29443 -0.940456 0 0.328582 -0.452254 0 1 0 1 0.02
1e-08 -1.52169 -0.494427 0 0.172746 -0.531657 0 1 0 1 0.02
1e-08 -1.6 -1.95937e-16 0 6.84576e-17 -0.559017 0 1 0 1 0.02
1e-08 -1.52169 0.494427 0 -0.172746 -0.531657 0 1 0 1 0.02
1e-08 -1.29443 0.940456 0 -0.328582 -0.452254 0 1 0 1 0.02
1e-08 -0.940456 1.29443 0 -0.452254 -0.328582 0 1 0 1 0.02
1e-08 -0.494427 1.52169 0 -0.531657 -0.172746 0 1 0 1 0.02
1e-08 -2.93906e-16 1.6 0 -0.559017 -1.02686e-16 0 1 0 1 0.02
1e-08 0.494427 1.52169 0 -0.531657 0.172746 0 1 0 1 0.02
1e-08 0.940456 1.29443 0 -0.452254 0.328582 0 1 0 1 0.02
1e-08 1.29443 0.940456 0 -0.328582 0.452254 0 1 0 1 0.02
1e-08 1.52169 0.494427 0 -0.172746 0.531657 0 1 0 1 0.02
1e-08 1.8 0 0 0 0.527046 0 1 0 1 0.02
1e-08 1.72709 -0.507119 0 0.148486 0.505697 0 1 0 1 0.02
1e-08 1.51426 -0.973153 0 0.284943 0.44338 0 1 0 1 0.02
1e-08 1.17875 -1.36035 0 0.398315 0.345142 0 1 0 1 0.02
1e-08 0.747747 -1.63734 0 0.479418 0.218943 0 1 0 1 0.02
1e-08 0.256167 -1.78168 0 0.521682 0.0750065 0 1 0 1 0.02
1e-08 -0.256167 -1.78168 0 0.521682 -0.0750065 0 1 0 1 0.02
1e-08 -0.747747 -1.63734 0 0.479418 -0.218943 0 1 0 1 0.02
1e-08 -1.17875 -1.36035 0 0.398315 -0.345142 0 1 0 1 0.02
1e-08 -1.51426 -0.973153 0 0.284943 -0.44338 0 1 0 1 0.02
1e-08 -1.72709 -0.507119 0 0.148486 -0.505697 0 1 0 1 0.02
1e-08 -1.8 -2.20429e-16 0 6.45424e-17 -0.527046 0 1 0 1 0.02
1e-08 -1.72709 0.507119 0 -0.148486 -0.505697 0 1 0 1 0.02
1e-08 -1.51426 0.973153 0 -0.284943 -0.44338 0 1 0 1 0.02
1e-08 -1.17875 1.36035 0 -0.398315 -0.345142 0 1 0 1 0.02
1e-08 -0.747747 1.63734 0 -0.479418 -0.218943 0 1 0 1 0.02
1e-08 -0.256167 1.78168 0 -0.521682 -0.0750065 0 1 0 1 0.02
1e-08 0.256167 1.78168 0 -0.521682 0.0750065 0 1 0 1 0.02
1e-08 0.747747 1.63734 0 -0.479418 0.218943 0 1 0 1 0.02
1e-08 1.17875 1.36035 0 -0.398315 0.345142 0 1 0 1 0.02
1e-08 1.51426 0.973153 0 -0.284943 0.44338 0 1 0 1 0.02
1e-08 1.72709 0.507119 0 -0.148486 0.505697 0 1 0 1 0.02
1e-08 2 0 0 0 0.5 0 1 0 1 0.02
1e-08 1.94986 -0.445042 0 0.11126 0.487464 0 1 0 1 0.02
1e-08 1.80194 -0.867767 0 0.216942 0.450484 0 1 0 1 0.02
1e-08 1.56366 -1.24698 0 0.311745 0.390916 0 1 0 1 0.02
1e-08 1.24698 -1.56366 0 0.390916 0.311745 0 1 0 1 0.02
1e-08 0.867767 -1.80194 0 0.450484 0.216942 0 1 0 1 0.02
1e-08 0.445042 -1.94986 0 0.487464 0.11126 0 1 0 1 0.02
1e-08 1.22461e-16 -2 0 0.5 3.06152e-17 0 1 0 1 0.02
1e-08 -0.445042 -1.94986 0 0.487464 -0.11126 0 1 0 1 0.02
1e-08 -0.867767 -1.80194 0 0.450484 -0.216942 0 1 0 1 0.02
1e-08 -1.24698 -1.56366 0 0.390916 -0.311745 0 1 0 1 0.02
1e-08 -1.56366 -1.24698 0 0.311745 -0.390916 0 1 0 1 0.02
1e-08 -1.80194 -0.867767 0 0.216942 -0.450484 0 1 0 1 0.02
1e-08 -1.94986 -0.445042 0 0.11126 -0.487464 0 1 0 1 0.02
1e-08 -2 -2.44921e-16 0 6.12303e-17 -0.5 0 1 0 1 0.02
1e-08 -1.94986 0.445042 0 -0.11126 -0.487464 0 1 0 1 0.02
1e-08 -1.80194 0.867767 0 -0.216942 -0.450484 0 1 0 1 0.02
1e-08 -1.56366 1.24698 0 -0.311745 -0.390916 0 1 0 1 0.02
1e-08 -1.24698 1.56366 0 -0.390916 -0.311745 0 1 0 1 0.02
1e-08 -0.867767 1.80194 0 -0.450484 -0.216942 0 1 0 1 0.02
1e-08 -0.445042 1.94986 0 -0.487464 -0.11126 0 1 0 1 0.02
1e-08 -3.67382e-16 2 0 -0.5 -9.18455e-17 0 1 0 1 0.02
1e-08 0.445042 1.94986 0 -0.487464 0.11126 0 1 0 1 0.02
1e-08 0.867767 1.80194 0 -0.450484 0.216942 0 1 0 1 0.02
1e-08 1.24698 1.56366 0 -0.390916 0.311745 0 1 0 1 0.02
1e-08 1.56366 1.24698 0 -0.311745 0.390916 0 1 0 1 0.02
1e-08 1.80194 0.867767 0 -0.216942 0.450484 0 1 0 1 0.02
1e-08 1.94986 0.445042 0 -0.11126 0.487464 0 1 0 1 0.02
1e-07 0.63 0 0 0 0.730297 0 1 0 0 0.03
1e-07 0.625981 0.015 0 0.0912871 0.754757 0 1 0 0 0.03
1e-07 0.615 0.0259808 0 0.158114 0.821584 0 1 0 0 0.03
1e-07 0.6 0.03 0 0.182574 0.912871 0 1 0 0 0.03
1e-07 0.585 0.0259808 0 0.158114 1.00416 0 1 0 0 0.03
1e-07 0.574019 0.015 0 0.0912871 1.07098 0 1 0 0 0.03
0.0001 0 0.7 -4.8 0 -0.632456 1 1 1 1 0.06
0.0001 0 0.9 -5 0 -3.87255e-17 1.63246 1 1 1 0.06
0.0001 0 0.7 -5.2 0 0.632456 1 1 1 1 0.06
0.0001 0 0.5 -5 0 1.16176e-16 0.367544 1 1 1 0.06
1e-05 0 0.7 -4.6 0 -0.447214 1 1 1 1 0.04
1e-05 0 1.04641 -4.8 0 -0.223607 1.3873 1 1 1 0.04
1e-05 0 1.04641 -5.2 0 0.223607 1.3873 1 1 1 0.04
1e-05 0 0.7 -5.4 0 0.447214 1 1 1 1 0.04
1e-05 0 0.35359 -5.2 0 0.223607 0.612702 1 1 1 0.04
1e-05 0 0.35359 -4.8 0 -0.223607 0.612702 1 1 1 0.04
1e-07 0 0.7 -4.4 0 -0.365148 1 1 1 1 0.02
1e-07 0 1.05267 -4.51459 0 -0.295411 1.21463 1 1 1 0.02
1e-07 0 1.27063 -4.81459 0 -0.112837 1.34728 1 1 1 0.02
1e-07 0 1.27063 -5.18541 0 0.112837 1.34728 1 1 1 0.02
1e-07 0 1.05267 -5.48541 0 0.295411 1.21463 1 1 1 0.02
1e-07 0 0.7 -5.6 0 0.365148 1 1 1 1 0.02
1e-07 0 0.347329 -5.48541 0 0.295411 0.785371 1 1 1 0.02
1e-07 0 0.129366 -5.18541 0 0.112837 0.652723 1 1 1 0.02
1e-07 0 0.129366 -4.81459 0 -0.112837 0.652723 1 1 1 0.02
1e-07 0 0.347329 -4.51459 0 -0.295411 0.785371 1 1 1 0.02
1e-07 0 0.7 -4.2 0 -0.316228 1 1 1 1 0.02
1e-07 0 0.947214 -4.23915 0 -0.30075 1.09772 1 1 1 0.02
1e-07 0 1.17023 -4.35279 0 -0.255834 1.18587 1 1 1 0.02
1e-07 0 1.34721 -4.52977 0 -0.185874 1.25583 1 1 1 0.02
1e-07 0 1.46085 -4.75279 0 -0.0977198 1.30075 1 1 1 0.02
1e-07 0 1.5 -5 0 -1.93627e-17 1.31623 1 1 1 0.02
1e-07 0 1.46085 -5.24721 0 0.0977198 1.30075 1 1 1 0.02
1e-07 0 1.34721 -5.47023 0 0.185874 1.25583 1 1 1 0.02
1e-07 0 1.17023 -5.64721 0 0.255834 1.18587 1 1 1 0.02
1e-07 0 0.947214 -5.76085 0 0.30075 1.09772 1 1 1 0.02
1e-07 0 0.7 -5.8 0 0.316228 1 1 1 1 0.02
1e-07 0 0.452786 -5.76085 0 0.30075 0.90228 1 1 1 0.02
1e-07 0 0.229772 -5.64721 0 0.255834 0.814126 1 1 1 0.02
1e-07 0 0.0527864 -5.47023 0 0.185874 0.744166 1 1 1 0.02
1e-07 0 -0.0608452 -5.24721 0 0.0977198 0.69925 1 1 1 0.02
1e-07 0 -0.1 -5 0 5.80882e-17 0.683772 1 1 1 0.02
1e-07 0 -0.0608452 -4.75279 0 -0.0977198 0.69925 1 1 1 0.02
1e-07 0 0.0527864 -4.52977 0 -0.185874 0.744166 1 1 1 0.02
1e-07 0 0.229772 -4.35279 0 -0.255834 0.814126 1 1 1 0.02
1e-07 0 0.452786 -4.23915 0 -0.30075 0.90228 1 1 1 0.02
0.08 0 0.7 -5 0 0 1 1 1 1 0.1
